o 520 706 534 710 0
w 553 706 573 710 0
e 572 706 588 710 0
r 587 706 603 710 0
n 550 706 655 710 0
o 617 706 629 710 0
t 628 706 644 710 0
e 643 706 655 710 0
u 673 669 693 714 0
e 673 676 733 710 0
a 707 669 723 714 0
i 736 683 741 699 0
a 752 682 764 700 0
u 768 683 781 699 0
0 825 682 858 702 0
4 842 669 858 714 0
0 869 683 884 703 0
8 886 681 901 701 0
2 909 681 933 704 0
0 913 682 961 704 0
2 947 681 959 704 0
7 958 681 966 704 0
4 962 683 976 704 0
" 975 681 976 704 0
l 1045 680 1063 693 0
e 1068 673 1133 695 0
i 1119 669 1143 714 0
c 1166 681 1169 693 0
e 1166 681 1183 692 0
i 1187 682 1192 688 0
l 1194 681 1206 693 0
s 1204 681 1227 693 0
~ 0 659 1280 720 0
S 904 616 921 650 0
o 904 627 940 640 0
l 946 628 950 650 0
g 952 618 977 650 0
l 970 616 977 650 0
l 981 628 986 649 0
a 989 619 1032 641 0
e 1045 616 1156 639 0
3 1050 612 1065 654 0
4 1064 612 1079 654 0
t 1092 616 1107 650 0
a 1106 616 1124 650 0
m 1124 616 1145 650 0
e 1145 616 1156 650 0
L 1196 619 1205 632 0
Y 1196 619 1219 632 0
C 910 556 927 607 0
e 914 560 953 595 0
t 943 596 947 600 0
p 965 569 980 603 0
l 983 582 988 602 0
e 990 571 1034 594 0
— 1049 575 1094 597 0
s 1109 568 1131 588 0
r 1133 569 1180 598 0
3 1215 574 1225 592 0
F 40 534 72 555 0
i 57 533 69 555 0
l 69 533 81 555 0
s 75 533 88 548 0
d 100 533 130 552 0
e 126 533 130 552 0
M 177 536 198 555 0
O 201 535 223 555 0
H 226 536 244 554 0
A 247 534 267 555 0
M 267 534 291 556 0
M 268 534 337 556 0
E 312 534 333 556 0
D 341 534 361 556 0
b 374 535 405 555 0
e 390 535 408 555 0
n 409 536 422 549 0
A 435 535 455 555 0
B 457 534 474 556 0
D 477 535 498 555 0
E 499 534 517 555 0
L 521 533 536 555 0
Q 538 534 560 555 0
U 562 534 581 555 0
A 584 534 605 554 0
H 607 534 625 554 0
E 629 533 646 555 0
D 650 533 670 555 0
@ 39 491 67 511 0
t 57 491 77 511 0
d 77 492 91 511 0
e 94 492 109 506 0
B 146 492 163 513 0
O 165 492 186 513 0
U 190 492 207 511 0
C 210 491 229 513 0
H 231 490 251 514 0
R 232 490 296 514 0
A 269 490 286 514 0
b 308 491 324 512 0
e 308 491 341 512 0
n 343 493 357 507 0
t 358 492 367 512 0
A 378 492 399 513 0
B 400 491 418 513 0
D 420 491 441 514 0
E 442 491 460 513 0
R 462 491 485 513 0
R 481 490 501 514 0
A 487 490 529 513 0
F 519 490 539 514 0
I 531 491 555 512 0
A 557 491 578 512 0
e 533 445 543 455 0
b 551 421 560 474 0
e 559 421 578 474 0
e 551 435 609 469 0
l 595 421 613 474 0
s 630 435 634 467 0
t 638 445 643 467 0
a 644 443 667 469 0
l 657 421 666 474 0
l 671 445 676 467 0
a 705 432 728 454 0
e 718 421 728 474 0
h 722 434 757 467 0
o 757 434 784 469 0
l 788 444 793 467 0
o 811 421 830 474 0
S 811 433 856 469 0
S 873 421 887 474 0
o 873 434 923 468 0
m 908 421 923 474 0
M 941 443 976 464 0
i 976 434 994 462 0
5 983 421 993 474 0
5 1004 434 1023 452 0
S 1023 433 1073 468 0
6 1087 443 1126 469 0
5 1107 443 1126 469 0
v 1150 440 1168 452 0
i 1170 451 1173 456 0
g 1178 437 1188 460 0
u 1173 437 1222 459 0
n 1200 437 1210 460 0
i 1209 437 1218 460 0
! 1225 455 1229 460 0
A 44 351 58 373 0
d 44 351 80 373 0
r 76 351 94 373 0
e 94 351 108 373 0
s 84 351 155 367 0
s 121 351 139 373 0
e 139 351 155 373 0
6 175 350 193 373 0
6 175 350 212 373 0
B 224 347 243 373 0
I 221 347 269 373 0
S 256 347 269 373 0
R 277 351 302 373 0
U 304 350 323 372 0
E 326 350 343 373 0
J 357 350 371 372 0
U 374 350 412 372 0
L 395 349 418 373 0
E 413 350 432 373 0
S 435 349 455 373 0
G 466 349 512 373 0
R 494 349 513 373 0
O 512 350 535 372 0
S 537 350 556 372 0
O 568 350 590 372 0
A 590 350 612 372 0
S 613 350 632 372 0
I 636 351 640 372 0
S 643 350 661 372 0
C 673 350 693 372 0
A 695 350 716 372 0
S 719 350 738 372 0
A 718 350 758 372 0
B 760 350 777 372 0
L 780 350 816 372 0
A 800 350 819 372 0
N 818 350 837 372 0
C 839 350 859 372 0
A 861 350 882 371 0
N 47 268 66 289 0
° 69 280 78 289 0
é 89 267 96 287 0
t 89 267 106 287 0
a 107 267 132 286 0
t 132 268 140 286 0
c 150 267 159 288 0
i 150 267 170 287 0
v 169 267 180 288 0
i 172 268 193 287 0
l 195 268 199 288 0
1 277 265 294 291 0
9 296 255 312 292 0
9 294 263 352 292 0
7 330 255 346 292 0
/ 351 267 364 290 0
, 361 255 393 274 0
. 384 255 393 292 0
J 407 259 427 290 0
7 441 266 460 292 0
4 459 266 480 291 0
5 480 265 500 292 0
A 575 263 589 287 0
y 575 263 602 285 0
a 602 263 617 287 0
o 605 266 641 287 0
l 630 263 641 287 0
l 645 267 648 287 0
J 660 266 681 287 0
o 684 266 718 288 0
l 720 267 726 288 0
p 737 259 768 289 0
d 753 259 767 289 0
) 768 261 782 275 0
S 889 265 907 287 0
e 906 254 924 296 0
x 909 264 958 282 0
e 941 254 962 296 0
M 1039 265 1066 290 0
w 1153 259 1170 285 0
a 1170 259 1184 285 0
i 1153 259 1223 285 0
! 1226 274 1230 283 0
~ 65 41 1195 199 0
